B=0.01;
J=5;
Kphi=1.6;
La=0.1;
Ra=0.5;
TL=20;
Va=160;